3
8
7
PI
0.070000 0.105000 0.162500 0.160000 0.237500 0.120000 0.145000 
MU
0.756581 0.085567 -0.482047 -0.359565 0.483960 0.085151 0.528676 -0.715656 
0.219679 -0.147478 0.452352 0.095511 0.509465 0.664918 0.547157 -0.489210 
0.262415 -0.366586 0.408315 -0.099862 -0.088571 -0.036371 -0.518293 -0.348011 
-0.355168 -0.000408 0.762962 0.488083 0.185720 -0.200228 -0.460632 -0.041533 
0.152178 0.242157 -0.458671 0.012157 -0.334725 -0.261834 0.150671 0.015660 
-0.040838 0.278072 -0.583841 -0.728200 0.382311 0.356090 0.369919 0.024780 
0.245300 0.735428 0.711639 0.403455 -0.580651 0.113924 -0.110363 -0.422392 
SIGMA
0.014336 0.006152 0.009232 0.011677 0.009267 0.015894 0.014386 0.010641 
0.006152 0.011994 0.007866 0.008308 0.009725 0.012014 0.008595 0.007554 
0.009232 0.007866 0.014423 0.012244 0.010471 0.016368 0.012633 0.011742 
0.011677 0.008308 0.012244 0.017520 0.014092 0.017619 0.013884 0.009803 
0.009267 0.009725 0.010471 0.014092 0.015963 0.016278 0.011899 0.008155 
0.015894 0.012014 0.016368 0.017619 0.016278 0.027293 0.019970 0.017818 
0.014386 0.008595 0.012633 0.013884 0.011899 0.019970 0.018638 0.014145 
0.010641 0.007554 0.011742 0.009803 0.008155 0.017818 0.014145 0.015371 

0.015480 0.015032 0.013847 0.009233 0.008858 0.016180 0.017884 0.008377 
0.015032 0.022919 0.017771 0.011059 0.012520 0.018569 0.021659 0.009717 
0.013847 0.017771 0.018215 0.011891 0.012052 0.017347 0.019356 0.009136 
0.009233 0.011059 0.011891 0.011885 0.011737 0.011706 0.012887 0.006637 
0.008858 0.012520 0.012052 0.011737 0.022780 0.014206 0.015687 0.010442 
0.016180 0.018569 0.017347 0.011706 0.014206 0.023998 0.023700 0.010660 
0.017884 0.021659 0.019356 0.012887 0.015687 0.023700 0.027875 0.011329 
0.008377 0.009717 0.009136 0.006637 0.010442 0.010660 0.011329 0.009634 

0.057021 -0.014448 -0.056783 0.128254 0.144696 0.137448 0.020358 0.003830 
-0.014448 0.058895 0.094795 -0.084958 -0.118232 -0.103195 0.017153 0.031161 
-0.056783 0.094795 0.186599 -0.216136 -0.273693 -0.249283 0.015082 0.044480 
0.128254 -0.084958 -0.216136 0.360085 0.424929 0.398298 0.024510 -0.021813 
0.144696 -0.118232 -0.273693 0.424929 0.519653 0.480761 0.019704 -0.037270 
0.137448 -0.103195 -0.249283 0.398298 0.480761 0.449915 0.021840 -0.029794 
0.020358 0.017153 0.015082 0.024510 0.019704 0.021840 0.023246 0.017699 
0.003830 0.031161 0.044480 -0.021813 -0.037270 -0.029794 0.017699 0.024742 

0.020532 0.000134 0.016672 0.009351 0.001696 0.023294 0.010989 0.013963 
0.000134 0.659413 0.084143 0.002942 0.381164 -0.195384 0.211482 0.004289 
0.016672 0.084143 0.032950 0.010879 0.053912 0.000098 0.037670 0.012925 
0.009351 0.002942 0.010879 0.011193 0.001665 0.016370 0.006899 0.009182 
0.001696 0.381164 0.053912 0.001665 0.229175 -0.111303 0.122692 0.003663 
0.023294 -0.195384 0.000098 0.016370 -0.111303 0.098256 -0.047628 0.017550 
0.010989 0.211482 0.037670 0.006899 0.122692 -0.047628 0.079199 0.010102 
0.013963 0.004289 0.012925 0.009182 0.003663 0.017550 0.010102 0.016109 

0.375490 -0.050090 0.182143 0.148038 0.010608 0.092215 0.320907 0.096438 
-0.050090 0.031993 0.002185 -0.031997 0.008632 -0.031506 -0.035137 -0.047964 
0.182143 0.002185 0.149655 0.020996 0.012302 -0.022315 0.172302 -0.067508 
0.148038 -0.031997 0.020996 0.128995 0.006207 0.117342 0.116774 0.171662 
0.010608 0.008632 0.012302 0.006207 0.012010 0.002802 0.011053 0.003417 
0.092215 -0.031506 -0.022315 0.117342 0.002802 0.129222 0.064399 0.192980 
0.320907 -0.035137 0.172302 0.116774 0.011053 0.064399 0.288019 0.054876 
0.096438 -0.047964 -0.067508 0.171662 0.003417 0.192980 0.054876 0.313760 

0.008940 0.007428 0.004927 0.003534 0.003885 0.004363 0.002945 0.004253 
0.007428 0.015896 0.009998 0.013256 0.007708 0.008066 0.005305 0.014211 
0.004927 0.009998 0.011838 0.011594 0.009448 0.009873 0.009103 0.013678 
0.003534 0.013256 0.011594 0.020783 0.013064 0.012152 0.009522 0.019305 
0.003885 0.007708 0.009448 0.013064 0.013006 0.010590 0.008565 0.013124 
0.004363 0.008066 0.009873 0.012152 0.010590 0.013728 0.011035 0.011939 
0.002945 0.005305 0.009103 0.009522 0.008565 0.011035 0.013838 0.011158 
0.004253 0.014211 0.013678 0.019305 0.013124 0.011939 0.011158 0.022526 

0.034851 0.023862 0.013004 0.034005 0.020658 0.054964 0.051765 0.037553 
0.023862 0.044873 0.031623 0.004312 0.050116 -0.017990 -0.015124 0.005973 
0.013004 0.031623 0.032633 -0.006398 0.041902 -0.034419 -0.032103 -0.008588 
0.034005 0.004312 -0.006398 0.070351 -0.012011 0.130689 0.123436 0.069890 
0.020658 0.050116 0.041902 -0.012011 0.068169 -0.056289 -0.052277 -0.014337 
0.054964 -0.017990 -0.034419 0.130689 -0.056289 0.282190 0.261775 0.141689 
0.051765 -0.015124 -0.032103 0.123436 -0.052277 0.261775 0.247950 0.132760 
0.037553 0.005973 -0.008588 0.069890 -0.014337 0.141689 0.132760 0.080358 

END